Rating distribution:
Aggregate rating
0.0    2148
1.8       1
1.9       2
2.0       7
2.1      15
2.2      27
2.3      47
2.4      87
2.5     110
2.6     191
2.7     250
2.8     315
2.9     381
3.0     468
3.1     519
3.2     522
3.3     483
3.4     498
3.5     480
3.6     458
3.7     427
3.8     400
3.9     335
4.0     266
4.1     274
4.2     221
4.3     174
4.4     144
4.5      95
4.6      78
4.7      42
4.8      25
4.9      61
Name: count, dtype: int64

Percentages:
Aggregate rating
0.0    22.489792
1.8     0.010470
1.9     0.020940
2.0     0.073291
2.1     0.157052
2.2     0.282693
2.3     0.492095
2.4     0.910899
2.5     1.151712
2.6     1.999791
2.7     2.617527
2.8     3.298084
2.9     3.989111
3.0     4.900010
3.1     5.433986
3.2     5.465396
3.3     5.057062
3.4     5.214114
3.5     5.025652
3.6     4.795309
3.7     4.470736
3.8     4.188043
3.9     3.507486
4.0     2.785049
4.1     2.868810
4.2     2.313894
4.3     1.821799
4.4     1.507696
4.5     0.994660
4.6     0.816668
4.7     0.439745
4.8     0.261753
4.9     0.638677
Name: count, dtype: float64